collection_owner_:
  user_id: 5
  collection_id: 1
  created_at: 2016-11-28 16:41:03.000000000 Z
  updated_at: 2016-11-28 16:41:03.000000000 Z
