collection_owner_:
  user_id: 5
  collection_id: 1
  created_at: 2016-11-07 14:02:11.000000000 Z
  updated_at: 2016-11-07 14:02:11.000000000 Z
