deed_1:
  id: 1
  deed_type: page_trans
  page_id: 18
  work_id: 3
  collection_id: 2
  article_id: 
  user_id: 2
  note_id: 
  created_at: 2016-11-28 16:42:00.000000000 Z
  updated_at: 2016-11-28 16:42:00.000000000 Z
deed_2:
  id: 2
  deed_type: page_trans
  page_id: 23
  work_id: 8
  collection_id: 2
  article_id: 
  user_id: 2
  note_id: 
  created_at: 2016-11-28 16:42:30.000000000 Z
  updated_at: 2016-11-28 16:42:30.000000000 Z
deed_3:
  id: 3
  deed_type: page_trans
  page_id: 25
  work_id: 9
  collection_id: 1
  article_id: 
  user_id: 2
  note_id: 
  created_at: 2016-11-28 16:42:56.000000000 Z
  updated_at: 2016-11-28 16:42:56.000000000 Z
