deed_1:
  id: 1
  deed_type: page_trans
  page_id: 76
  work_id: 4
  collection_id: 2
  article_id: 
  user_id: 2
  note_id: 
  created_at: 2016-11-07 14:02:57.000000000 Z
  updated_at: 2016-11-07 14:02:57.000000000 Z
deed_2:
  id: 2
  deed_type: page_trans
  page_id: 1
  work_id: 1
  collection_id: 2
  article_id: 
  user_id: 2
  note_id: 
  created_at: 2016-11-07 14:03:32.000000000 Z
  updated_at: 2016-11-07 14:03:32.000000000 Z
