document_upload_1:
  id: 1
  user_id: 4
  collection_id: 1
  file: accounts.pdf
  created_at: 2016-11-27 16:22:40.000000000 Z
  updated_at: 2016-11-27 16:33:15.000000000 Z
  status: finished
document_upload_2:
  id: 3
  user_id: 4
  collection_id: 2
  file: Reel.zip
  created_at: 2016-11-27 16:34:08.000000000 Z
  updated_at: 2016-11-27 16:35:11.000000000 Z
  status: finished
