document_upload_1:
  id: 1
  user_id: 4
  collection_id: 1
  file: MS_844.ZIP
  created_at: 2016-11-28 16:35:16.000000000 Z
  updated_at: 2016-11-28 16:35:26.000000000 Z
  status: finished
document_upload_2:
  id: 2
  user_id: 4
  collection_id: 2
  file: MF1323.1197_Reel_32_01.zip
  created_at: 2016-11-28 16:36:34.000000000 Z
  updated_at: 2016-11-28 16:36:45.000000000 Z
  status: finished
document_upload_3:
  id: 3
  user_id: 4
  collection_id: 1
  file: MS_641-642.zip
  created_at: 2016-11-28 16:38:28.000000000 Z
  updated_at: 2016-11-28 16:38:52.000000000 Z
  status: finished
