work_statistic_1:
  id: 1
  work_id: 1
  transcribed_pages: 1
  annotated_pages: 0
  total_pages: 17
#  created_at: 2016-11-07 13:56:07.000000000 Z
#  updated_at: 2016-11-07 14:03:32.000000000 Z
  blank_pages: 0
  incomplete_pages: 0
work_statistic_3:
  id: 3
  work_id: 3
  transcribed_pages: 0
  annotated_pages: 0
  total_pages: 15
#  created_at: 2016-11-07 13:56:36.000000000 Z
#  updated_at: 2016-11-07 13:56:41.000000000 Z
  blank_pages: 0
  incomplete_pages: 0
work_statistic_4:
  id: 4
  work_id: 4
  transcribed_pages: 1
  annotated_pages: 0
  total_pages: 26
#  created_at: 2016-11-07 13:57:15.000000000 Z
#  updated_at: 2016-11-07 14:02:57.000000000 Z
  blank_pages: 0
  incomplete_pages: 0
work_statistic_7:
  id: 7
  work_id: 7
  transcribed_pages: 0
  annotated_pages: 0
  total_pages: 52
#  created_at: 2016-11-07 13:59:58.000000000 Z
#  updated_at: 2016-11-07 14:00:12.000000000 Z
  blank_pages: 0
  incomplete_pages: 0
